Matriz de distancias
0 5.88233 5.42148 3.34819 10.9669 8.25804 7.31222 0.720278 11.7082 7.93107 25.7209 5.295 5.0708 5.30051 6.69123 1.41209 
5.88233 0 1.2919 4.48743 16.7559 14.104 13.0906 6.06684 17.1306 13.1973 31.5536 11.0748 10.893 11.1716 12.5138 6.59335 
5.42148 1.2919 0 4.83011 16.3883 13.4684 12.3961 5.74943 16.2338 12.2852 30.8569 10.4021 10.2571 10.5983 12.1122 5.88367 
3.34819 4.48743 4.83011 0 12.8835 11.007 10.2404 2.96142 14.8749 11.2033 28.3306 8.29001 7.99656 8.04767 8.83362 4.72055 
10.9669 16.7559 16.3883 12.8835 0 4.40101 5.56853 10.6926 7.88265 8.08926 15.9632 6.77999 6.7041 6.13822 4.28118 10.7673 
8.25804 14.104 13.4684 11.007 4.40101 0 1.25936 8.2501 4.7976 3.71102 17.4628 3.07761 3.21461 2.98042 2.97015 7.58663 
7.31222 13.0906 12.3961 10.2404 5.56853 1.25936 0 7.38505 4.89655 2.75065 18.4688 2.02062 2.25621 2.25204 3.17002 6.51814 
0.720278 6.06684 5.74943 2.96142 10.6926 8.2501 7.38505 0 11.9315 8.24224 25.6904 5.39431 5.12884 5.27001 6.44789 2.03961 
11.7082 17.1306 16.2338 14.8749 7.88265 4.7976 4.89655 11.9315 0 3.95046 15.2085 6.63163 6.9677 7.11922 7.75861 10.6258 
7.93107 13.1973 12.2852 11.2033 8.08926 3.71102 2.75065 8.24224 3.95046 0 18.9562 3.40828 3.7961 4.22966 5.82025 6.75694 
25.7209 31.5536 30.8569 28.3306 15.9632 17.4628 18.4688 25.6904 15.2085 18.9562 0 20.4799 20.6639 20.4301 19.5389 24.9862 
5.295 11.0748 10.4021 8.29001 6.77999 3.07761 2.02062 5.39431 6.63163 3.40828 20.4799 0 0.38833 0.960833 3.08812 4.51852 
5.0708 10.893 10.2571 7.99656 6.7041 3.21461 2.25621 5.12884 6.9677 3.7961 20.6639 0.38833 0 0.664831 2.85246 4.38043 
5.30051 11.1716 10.5983 8.04767 6.13822 2.98042 2.25204 5.27001 7.11922 4.22966 20.4301 0.960833 0.664831 0 2.19155 4.76388 
6.69123 12.5138 12.1122 8.83362 4.28118 2.97015 3.17002 6.44789 7.75861 5.82025 19.5389 3.08812 2.85246 2.19155 0 6.51418 
1.41209 6.59335 5.88367 4.72055 10.7673 7.58663 6.51814 2.03961 10.6258 6.75694 24.9862 4.51852 4.38043 4.76388 6.51418 0 

CIUDAD 1
CIUDAD 16
CIUDAD 12
CIUDAD 13
CIUDAD 14
CIUDAD 6
CIUDAD 7
CIUDAD 10
CIUDAD 9
CIUDAD 11
CIUDAD 5
CIUDAD 15
CIUDAD 8
CIUDAD 4
CIUDAD 2
CIUDAD 3
DISTANCIA: 73.9876
NODOS TOTALES 2004189184
NODOS PODADOS -1355308087
NODOS EXPLORADOS -935470025
TIEMPO (seg):1374.19
